1 2.41922e-12 6.04403e-05 0.0250649 0
2 2.56933e-12 5.67004e-05 0.0285423 0
3 2.09033e-12 5.59652e-05 0.027027 0
4 1.83352e-12 5.5472e-05 0.0254255 0
5 1.65552e-12 5.22301e-05 0.0226753 0
6 1.55872e-12 5.19784e-05 0.0267536 0
7 3.46247e-12 5.11194e-05 0.0217558 0
8 1.67497e-12 5.08483e-05 0.0246029 0
9 1.49227e-12 5.05954e-05 0.0284765 0
10 1.34638e-12 5.05508e-05 0.032988 0
11 8.99359e-13 5.0071e-05 0.0295135 0
12 7.97422e-13 4.89936e-05 0.0285626 0
13 1.69916e-12 4.91287e-05 0.0312576 0
14 1.62939e-12 4.90003e-05 0.0250979 0
15 1.5963e-12 4.90749e-05 0.0249281 0
16 1.50389e-12 4.84006e-05 0.0239073 0
17 1.44469e-12 4.84586e-05 0.0236097 0
18 1.0002e-12 4.81881e-05 0.0264549 0
19 8.80234e-13 4.75298e-05 0.0252866 0
20 7.62875e-13 4.75484e-05 0.0323284 0
21 1.01858e-12 4.78832e-05 0.0241859 0
22 1.12672e-12 4.81868e-05 0.0312594 0
23 1.27091e-12 4.75776e-05 0.0314924 0
24 2.96875e-13 4.7411e-05 0.0369546 0
25 8.28281e-13 4.75204e-05 0.0340155 0
26 1.16316e-12 4.71894e-05 0.0282399 0
27 6.46625e-13 4.73631e-05 0.0243241 0
28 1.17273e-12 4.7708e-05 0.0289834 0
29 4.5275e-13 4.74513e-05 0.0298773 0
30 1.19863e-12 4.71933e-05 0.0228777 0
31 1.66734e-12 4.61056e-05 0.0258422 0
32 1.20588e-12 4.65104e-05 0.0273397 0
33 6.80375e-13 4.6497e-05 0.0316414 0
34 8.85109e-13 4.52482e-05 0.0323367 0
35 1.32009e-12 4.6175e-05 0.0293258 0
36 5.74391e-13 4.612e-05 0.0284681 0
37 6.065e-13 4.54015e-05 0.0316742 0
38 1.31061e-12 4.53772e-05 0.0199013 0
39 6.1725e-13 4.60151e-05 0.0368342 0
40 7.70641e-13 4.55253e-05 0.0349033 0
41 9.48953e-13 4.55164e-05 0.0259314 0
42 1.43191e-12 4.61146e-05 0.0238417 0
43 1.20258e-12 4.52034e-05 0.0234076 0
44 9.18219e-13 4.55053e-05 0.0327856 0
45 9.37219e-13 4.52387e-05 0.0277987 0
46 1.07894e-12 4.47204e-05 0.0323437 0
47 1.00197e-12 4.47585e-05 0.0319065 0
48 1.55508e-12 4.43697e-05 0.028057 0
49 1.08298e-12 4.3757e-05 0.0259704 0
50 5.09703e-13 4.38513e-05 0.0334128 0
51 5.60391e-13 4.35486e-05 0.030464 0
52 1.233e-12 4.4035e-05 0.0274148 0
53 7.85984e-13 4.45083e-05 0.0273126 0
54 7.06703e-13 4.34325e-05 0.0376258 0
55 1.25486e-12 4.35216e-05 0.0275408 0
56 2.20594e-13 4.37015e-05 0.0370203 0
57 1.14225e-12 4.39185e-05 0.0249786 0
58 9.61188e-13 4.35367e-05 0.027181 0
59 6.60828e-13 4.33028e-05 0.0379835 0
60 5.60766e-13 4.22476e-05 0.0318444 0
61 1.2292e-12 4.30352e-05 0.0221072 0
62 3.89e-13 4.23223e-05 0.0280497 0
63 1.0615e-12 4.28164e-05 0.0226957 0
64 1.11997e-12 4.3182e-05 0.0304306 0
65 7.755e-13 4.21536e-05 0.0346509 0
66 9.18656e-13 4.24182e-05 0.0275465 0
67 4.89844e-13 4.19913e-05 0.0338234 0
68 1.39533e-12 4.21222e-05 0.0203843 0
69 1.13464e-12 4.19698e-05 0.0260778 0
70 6.94406e-13 4.35253e-05 0.03114 0
71 9.65328e-13 4.17537e-05 0.0307616 0
72 8.1525e-13 4.19028e-05 0.0270159 0
73 7.18703e-13 4.18058e-05 0.0304009 0
74 8.54688e-13 4.09585e-05 0.0261362 0
75 9.35453e-13 4.14137e-05 0.0267622 0
76 9.01219e-13 4.12011e-05 0.0261091 0
77 3.92813e-13 4.16856e-05 0.0226705 0
78 4.38953e-13 4.16992e-05 0.0263361 0
79 9.31547e-13 4.18873e-05 0.0336912 0
80 5.92516e-13 4.11548e-05 0.027369 0
81 7.92969e-13 4.08799e-05 0.0290878 0
82 9.63797e-13 4.13244e-05 0.0258383 0
83 6.61406e-13 4.07664e-05 0.0325744 0
84 5.24391e-13 4.09221e-05 0.030041 0
85 1.27305e-12 4.06976e-05 0.0282834 0
86 6.87156e-13 4.04906e-05 0.0312129 0
87 5.60766e-13 4.07712e-05 0.029111 0
88 7.02797e-13 4.05254e-05 0.0211033 0
89 4.52516e-13 3.98309e-05 0.0315447 0
90 1.29805e-12 4.07237e-05 0.0188076 0
91 1.09906e-12 4.10262e-05 0.0250044 0
92 4.59656e-13 4.05095e-05 0.0311853 0
93 8.77359e-13 4.08913e-05 0.028977 0
94 9.82594e-13 3.96197e-05 0.0280466 0
95 8.31203e-13 3.95508e-05 0.0271647 0
96 9.61e-13 4.1321e-05 0.0280607 0
97 1.01655e-12 3.9562e-05 0.0227012 0
98 5.38688e-13 3.99351e-05 0.0296423 0
99 8.81984e-13 3.98566e-05 0.0256955 0
100 4.02063e-13 3.93609e-05 0.0357838 0
101 3.6075e-13 3.93534e-05 0.0295299 0
102 7.42438e-13 3.9057e-05 0.0283232 0
103 3.60359e-13 4.10458e-05 0.0176159 0
104 4.88766e-13 3.97634e-05 0.0257247 0
105 7.30484e-13 3.92683e-05 0.0269311 0
106 7.83953e-13 3.93576e-05 0.0282109 0
107 8.22078e-13 3.95777e-05 0.0285885 0
108 4.41578e-13 3.95971e-05 0.0241786 0
109 7.41281e-13 3.90847e-05 0.0335955 0
110 1.04558e-12 3.9044e-05 0.026578 0
111 5.68187e-13 3.90946e-05 0.0290126 0
112 4.22547e-13 3.9132e-05 0.022495 0
113 7.54938e-13 3.91213e-05 0.0294156 0
114 9.64969e-13 3.88411e-05 0.0266149 0
115 5.00438e-13 3.91734e-05 0.0326456 0
116 3.32375e-13 3.89198e-05 0.0440638 0
117 4.61609e-13 3.90857e-05 0.0297936 0
118 3.42047e-13 3.82252e-05 0.0300975 0
119 5.49203e-13 3.86654e-05 0.0322099 0
120 5.15266e-13 3.8015e-05 0.0390267 0
121 7.89078e-13 3.84703e-05 0.024783 0
122 3.55688e-13 3.79751e-05 0.0346212 0
123 6.07531e-13 3.89386e-05 0.0268015 0
124 3.24953e-13 3.82269e-05 0.0318005 0
125 5.28563e-13 3.87838e-05 0.0239047 0
126 8.32688e-13 3.79138e-05 0.0225353 0
127 4.235e-13 3.76955e-05 0.0307669 0
128 5.39328e-13 3.76269e-05 0.024501 0
129 6.06578e-13 4.14916e-05 0.0324772 0
130 4.94297e-13 3.7883e-05 0.0281955 0
131 2.56313e-13 3.73551e-05 0.0264964 0
132 1.70969e-13 3.76137e-05 0.029438 0
133 3.49109e-13 3.75466e-05 0.0240061 0
134 8.58344e-13 3.76807e-05 0.0303705 0
135 1.28141e-12 4.22081e-05 0.0282705 0
136 3.21656e-13 3.78383e-05 0.0318478 0
137 6.64766e-13 3.74097e-05 0.0267829 0
138 9.29859e-13 3.6845e-05 0.0286701 0
139 6.25641e-13 3.7379e-05 0.0260206 0
140 2.86766e-13 3.72687e-05 0.0241404 0
141 5.26563e-13 3.71521e-05 0.0265578 0
142 5.12234e-13 3.70242e-05 0.0276655 0
143 6.04469e-13 3.78307e-05 0.0274765 0
144 5.92313e-13 3.72701e-05 0.0258201 0
145 5.52422e-13 3.81174e-05 0.0322236 0
146 4.36891e-13 3.87421e-05 0.0306788 0
147 6.38031e-13 3.77732e-05 0.0212356 0
148 4.00469e-13 3.69372e-05 0.0237151 0
149 5.38391e-13 3.62355e-05 0.0256729 0
150 9.41484e-13 3.68163e-05 0.0259999 0
151 1.08903e-12 3.63078e-05 0.0218229 0
152 8.65766e-13 3.69929e-05 0.0328306 0
153 5.14516e-13 3.62072e-05 0.0316015 0
154 4.32906e-13 3.6498e-05 0.0323173 0
155 4.41719e-13 3.63458e-05 0.0310136 0
156 6.57203e-13 3.63694e-05 0.026609 0
157 4.00922e-13 3.69548e-05 0.0312774 0
158 4.44641e-13 3.58453e-05 0.0285849 0
159 7.53656e-13 3.60501e-05 0.0324046 0
160 3.93375e-13 3.63467e-05 0.0298678 0
161 5.67641e-13 3.59624e-05 0.0256998 0
162 5.255e-13 3.6145e-05 0.026974 0
163 4.91172e-13 3.63506e-05 0.0296365 0
164 5.56344e-13 3.67316e-05 0.0334274 0
165 2.12063e-13 3.54333e-05 0.0337973 0
166 5.6975e-13 3.53821e-05 0.0300389 0
167 6.45e-13 3.54592e-05 0.0336596 0
168 4.36078e-13 3.58312e-05 0.0315142 0
169 3.87625e-13 3.55446e-05 0.0254944 0
170 7.22875e-13 3.62073e-05 0.0231876 0
171 4.93766e-13 3.5543e-05 0.0279244 0
172 4.15547e-13 3.59678e-05 0.0265665 0
173 5.99453e-13 3.50284e-05 0.0266638 0
174 4.49203e-13 3.52788e-05 0.0228909 0
175 6.08e-13 3.53149e-05 0.0228414 0
176 1.61266e-13 3.4828e-05 0.032283 0
177 4.07281e-13 3.54415e-05 0.0281 0
178 6.19391e-13 3.44695e-05 0.0250301 0
179 4.50344e-13 3.49982e-05 0.030194 0
180 3.64344e-13 3.47755e-05 0.0296013 0
181 6.08625e-13 3.5152e-05 0.0309432 0
182 3.11e-13 3.53046e-05 0.0304218 0
183 3.79016e-13 3.51525e-05 0.0322045 0
184 3.13906e-13 3.47419e-05 0.0320035 0
185 5.26766e-13 3.45971e-05 0.0267718 0
186 4.09875e-13 3.50456e-05 0.026903 0
187 4.48922e-13 3.41874e-05 0.0282163 0
188 5.16563e-13 3.40811e-05 0.024879 0
189 6.20563e-13 3.52467e-05 0.0233496 0
190 4.35891e-13 3.54327e-05 0.0294471 0
191 5.45609e-13 3.45719e-05 0.0259176 0
192 4.51984e-13 3.47208e-05 0.0257299 0
193 4.82328e-13 3.41453e-05 0.0291589 0
194 2.61094e-13 3.41557e-05 0.0321292 0
195 5.56922e-13 3.40698e-05 0.027875 0
196 5.08141e-13 3.37905e-05 0.0234014 0
197 2.76938e-13 3.44112e-05 0.0341426 0
198 3.55141e-13 3.37265e-05 0.0302711 0
199 5.01469e-13 3.38927e-05 0.027388 0
200 8.02188e-14 3.35753e-05 0.043313 0
201 3.48875e-13 3.35753e-05 0.023713 0
202 4.56578e-13 3.33214e-05 0.0258963 0
203 3.35063e-13 3.4027e-05 0.028627 0
204 5.15516e-13 3.35077e-05 0.0301578 0
205 3.15469e-13 3.35722e-05 0.0279772 0
206 5.33281e-13 3.40804e-05 0.0270563 0
207 4.25578e-13 3.37421e-05 0.0269101 0
208 6.06906e-13 3.32066e-05 0.032087 0
209 5.90813e-13 3.34299e-05 0.0260602 0
210 3.09297e-13 3.28246e-05 0.0253654 0
211 4.92156e-13 3.38727e-05 0.0300609 0
212 2.46688e-13 3.31896e-05 0.0269071 0
213 2.42172e-13 3.38547e-05 0.0345441 0
214 5.86937e-13 3.41454e-05 0.0328708 0
215 3.50641e-13 3.30969e-05 0.0321154 0
216 1.71156e-13 3.26035e-05 0.0287179 0
217 3.31672e-13 3.36494e-05 0.0332012 0
218 3.61375e-13 3.38524e-05 0.027989 0
219 3.71188e-13 3.26232e-05 0.0316959 0
220 4.54797e-13 3.23191e-05 0.0273795 0
221 2.03875e-13 3.32115e-05 0.0326769 0
222 3.61578e-13 3.2694e-05 0.0301841 0
223 4.25797e-13 3.31524e-05 0.0271242 0
224 6.23641e-13 3.30166e-05 0.0202311 0
225 2.46469e-13 3.2456e-05 0.029642 0
226 4.10891e-13 3.29749e-05 0.0247081 0
227 5.64406e-13 3.28273e-05 0.0215067 0
228 4.83531e-13 3.25142e-05 0.0241672 0
229 4.29719e-13 3.20904e-05 0.0289922 0
230 3.56891e-13 3.16855e-05 0.0278712 0
231 5.28453e-13 3.26567e-05 0.0275391 0
232 1.06359e-13 3.29559e-05 0.0406473 0
233 3.34297e-13 3.21274e-05 0.0288248 0
234 5.41688e-13 3.21642e-05 0.0267258 0
235 4.15953e-13 3.20843e-05 0.0282615 0
236 4.18406e-13 3.18124e-05 0.0275257 0
237 2.50859e-13 3.15089e-05 0.0285295 0
238 2.91016e-13 3.2448e-05 0.0283214 0
239 3.49938e-13 3.25624e-05 0.0311493 0
240 4.78906e-13 3.27203e-05 0.0250524 0
241 3.99188e-13 3.1562e-05 0.0280139 0
242 3.74953e-13 3.2481e-05 0.0266026 0
243 5.15609e-13 3.21281e-05 0.0210449 0
244 4.5425e-13 3.19094e-05 0.026584 0
245 3.405e-13 3.20356e-05 0.0305486 0
246 3.01563e-13 3.18566e-05 0.0315796 0
247 4.05438e-13 3.19342e-05 0.0196816 0
248 5.31484e-13 3.24786e-05 0.0293547 0
249 4.20297e-13 3.12245e-05 0.0297023 0
250 3.28563e-13 3.21224e-05 0.0332277 0
251 4.47469e-13 3.22832e-05 0.0299481 0
252 4.75641e-13 3.14114e-05 0.0262376 0
253 2.54875e-13 3.17144e-05 0.0296676 0
254 3.44188e-13 3.15215e-05 0.0315186 0
255 2.03406e-13 3.08733e-05 0.0256191 0
256 5.44594e-13 3.14342e-05 0.0309255 0
257 4.57875e-13 3.14117e-05 0.0292811 0
258 2.19813e-13 3.12329e-05 0.0292112 0
259 4.80922e-13 3.1467e-05 0.0227564 0
260 2.68594e-13 3.15538e-05 0.03221 0
261 4.21469e-13 3.10775e-05 0.0241884 0
262 1.60375e-13 3.15414e-05 0.0347463 0
263 4.49281e-13 3.1324e-05 0.0274377 0
264 2.1225e-13 3.18795e-05 0.0270637 0
265 1.67188e-13 3.12607e-05 0.0283561 0
266 2.29469e-13 3.05864e-05 0.0399856 0
267 3.49734e-13 3.13087e-05 0.0337855 0
268 3.69219e-13 3.18266e-05 0.032503 0
269 2.35266e-13 3.15846e-05 0.0334664 0
270 2.59375e-13 3.11857e-05 0.0279139 0
271 3.41359e-13 3.084e-05 0.0306596 0
272 3.22547e-13 3.03523e-05 0.0270141 0
273 6.23438e-14 3.06073e-05 0.042608 0
274 2.87031e-13 3.14428e-05 0.0329498 0
275 5.27766e-13 3.03216e-05 0.0216791 0
276 1.23641e-13 3.04808e-05 0.0365847 0
277 3.52469e-13 3.09603e-05 0.0289186 0
278 2.76313e-13 3.01243e-05 0.0311424 0
279 2.04703e-13 3.0541e-05 0.0321138 0
280 2.01031e-13 3.06553e-05 0.0293482 0
281 3.4675e-13 3.02292e-05 0.0309876 0
282 2.75469e-13 3.0022e-05 0.0281982 0
283 1.85422e-13 3.01585e-05 0.0272672 0
284 1.19547e-13 3.06118e-05 0.0303041 0
285 2.80906e-13 2.98355e-05 0.0315057 0
286 1.69484e-13 2.96269e-05 0.0296047 0
287 4.20672e-13 3.0289e-05 0.0257554 0
288 2.52625e-13 2.97641e-05 0.0308352 0
289 3.00813e-13 2.99797e-05 0.0341961 0
290 2.19344e-13 3.0109e-05 0.0391619 0
291 2.90297e-13 3.02843e-05 0.0295406 0
292 3.29391e-13 2.95785e-05 0.0300194 0
293 4.41766e-13 3.00434e-05 0.0240887 0
294 2.50344e-13 3.06566e-05 0.0200239 0
295 2.52938e-13 3.08168e-05 0.0314852 0
296 1.85422e-13 3.04213e-05 0.0349598 0
297 2.90047e-13 3.03287e-05 0.0332205 0
298 3.32688e-13 3.00444e-05 0.0266595 0
299 2.37328e-13 2.94558e-05 0.0136706 0
300 3.16516e-13 2.95262e-05 0.0243444 0
301 9.64844e-14 2.96744e-05 0.0359213 0
302 2.3025e-13 3.03065e-05 0.0362138 0
303 3.81094e-13 2.9434e-05 0.0230348 0
304 1.99875e-13 2.9151e-05 0.0188409 0
305 1.38797e-13 2.95085e-05 0.0392726 0
306 1.05906e-13 2.91289e-05 0.0378241 0
307 1.35406e-13 2.91233e-05 0.0330182 0
308 4.39672e-13 2.94595e-05 0.020505 0
309 3.41781e-13 2.94537e-05 0.024717 0
310 3.21172e-13 2.9258e-05 0.0265566 0
311 2.20469e-13 2.90281e-05 0.0276674 0
312 2.12109e-13 2.90014e-05 0.0301025 0
313 1.83641e-13 2.90077e-05 0.0298225 0
314 2.21594e-13 2.88507e-05 0.0252709 0
315 2.72734e-13 2.98147e-05 0.0404756 0
316 3.32219e-13 2.93968e-05 0.0253185 0
317 6.35906e-13 2.87858e-05 0.0265849 0
318 4.18516e-13 2.90959e-05 0.0305773 0
319 2.74203e-13 2.91666e-05 0.0301448 0
320 2.23625e-13 2.88247e-05 0.0226319 0
321 1.51875e-13 2.88951e-05 0.0258941 0
322 3.01984e-13 2.92063e-05 0.0247996 0
323 2.65688e-13 2.85711e-05 0.0278033 0
324 4.33031e-13 2.84237e-05 0.0340756 0
325 2.24141e-13 3.04247e-05 0.0296474 0
326 3.78e-13 2.8918e-05 0.0245145 0
327 2.575e-13 2.8631e-05 0.0205334 0
328 2.77875e-13 2.8863e-05 0.0258073 0
329 1.26969e-13 2.80693e-05 0.0279342 0
330 1.56719e-13 2.8102e-05 0.0207941 0
331 2.47891e-13 2.8202e-05 0.0337315 0
332 2.81e-13 2.85509e-05 0.0234716 0
333 1.53766e-13 2.85089e-05 0.0329139 0
334 3.04734e-13 2.80981e-05 0.0305195 0
335 2.85609e-13 2.91529e-05 0.0302472 0
336 3.21328e-13 2.77443e-05 0.0237028 0
337 1.80797e-13 2.81749e-05 0.0324229 0
338 5.74219e-14 2.77451e-05 0.0427565 0
339 7.8625e-14 2.82983e-05 0.0273096 0
340 2.44156e-13 2.78967e-05 0.031243 0
341 2.12313e-13 2.85544e-05 0.0323972 0
342 2.57375e-13 2.78109e-05 0.0303794 0
343 2.55125e-13 2.81107e-05 0.0291578 0
344 2.19625e-13 2.75046e-05 0.0300367 0
345 9.76406e-14 2.85132e-05 0.0463 0
346 2.41703e-13 2.79571e-05 0.031328 0
347 1.68656e-13 2.80332e-05 0.0209181 0
348 2.525e-13 2.81587e-05 0.0233028 0
349 1.32984e-13 2.7436e-05 0.0190388 0
350 3.96625e-13 2.84918e-05 0.0253626 0
351 2.18172e-13 2.80048e-05 0.0348688 0
352 2.95328e-13 2.71028e-05 0.0285032 0
353 1.60719e-13 2.74496e-05 0.0296604 0
354 1.61703e-13 2.83947e-05 0.0353097 0
355 2.61719e-13 2.87462e-05 0.0305906 0
356 2.36641e-13 2.7843e-05 0.027278 0
357 1.65859e-13 2.75886e-05 0.0328932 0
358 2.98188e-13 2.76379e-05 0.0262933 0
359 1.3975e-13 2.75028e-05 0.031696 0
360 1.64125e-13 2.79922e-05 0.0320024 0
361 9.6625e-14 2.74082e-05 0.0270218 0
362 2.45484e-13 2.68087e-05 0.0291306 0
363 2.72078e-13 2.76485e-05 0.0280045 0
364 1.58016e-13 2.74554e-05 0.0334601 0
365 3.1075e-13 2.74837e-05 0.0308449 0
366 2.9425e-13 2.80187e-05 0.0246956 0
367 2.69172e-13 2.75379e-05 0.032184 0
368 1.55453e-13 2.73493e-05 0.0274734 0
369 1.92922e-13 2.66297e-05 0.0218009 0
370 1.53125e-13 2.73032e-05 0.0225971 0
371 2.12453e-13 2.67038e-05 0.0223504 0
372 2.32859e-13 2.75185e-05 0.0334387 0
373 2.06094e-13 2.61884e-05 0.0345827 0
374 4.02484e-13 2.64535e-05 0.0269528 0
375 1.45969e-13 2.69107e-05 0.035362 0
376 2.45516e-13 2.63382e-05 0.0260747 0
377 1.4e-13 2.65598e-05 0.032019 0
378 1.99531e-13 2.65728e-05 0.0252988 0
379 1.65109e-13 2.65776e-05 0.0297757 0
380 1.92844e-13 2.59436e-05 0.0313537 0
381 2.55797e-13 2.58409e-05 0.020715 0
382 2.29281e-13 2.57799e-05 0.0369531 0
383 2.71141e-13 2.67695e-05 0.0287669 0
384 2.70469e-13 2.59857e-05 0.025655 0
385 2.56156e-13 2.58204e-05 0.0236837 0
386 1.64172e-13 2.58374e-05 0.0308849 0
387 1.52e-13 2.55824e-05 0.0407059 0
388 2.68156e-13 2.56945e-05 0.0247746 0
389 3.24109e-13 2.54655e-05 0.0293369 0
390 2.45094e-13 2.57433e-05 0.0270977 0
391 1.85344e-13 2.57911e-05 0.0345777 0
392 1.35703e-13 2.58924e-05 0.0354108 0
393 1.90344e-13 2.51255e-05 0.0354297 0
394 2.35625e-13 2.6023e-05 0.0287826 0
395 2.16969e-13 2.60416e-05 0.028966 0
396 2.90203e-13 2.56983e-05 0.0326557 0
397 3.24969e-13 2.58744e-05 0.0257469 0
398 3.10844e-13 2.57147e-05 0.031678 0
399 2.08828e-13 2.57256e-05 0.0248671 0
400 1.23313e-13 2.50751e-05 0.0179102 0
401 1.03844e-13 2.5599e-05 0.0355903 0
402 1.70641e-13 2.56442e-05 0.0324935 0
403 2.91531e-13 2.56197e-05 0.0267934 0
404 2.18672e-13 2.50837e-05 0.0292777 0
405 2.87141e-13 2.57554e-05 0.0219304 0
406 1.93125e-13 2.54643e-05 0.0376588 0
407 3.09453e-13 2.6144e-05 0.0350315 0
408 1.40672e-13 2.57759e-05 0.0326695 0
409 2.65609e-13 2.52893e-05 0.023727 0
410 1.50531e-13 2.49135e-05 0.0386875 0
411 1.37063e-13 2.46959e-05 0.025917 0
412 1.44641e-13 2.49252e-05 0.0239962 0
413 1.64594e-13 2.54767e-05 0.0295507 0
414 1.63281e-13 2.52128e-05 0.027788 0
415 2.13516e-13 2.52741e-05 0.0256596 0
416 1.97656e-13 2.49145e-05 0.0250026 0
417 1.68031e-13 2.43093e-05 0.0211164 0
418 1.03906e-13 2.43694e-05 0.0328868 0
419 2.23719e-13 2.53871e-05 0.0270965 0
420 2.27766e-13 2.55897e-05 0.0270809 0
421 1.04719e-13 2.54239e-05 0.0209574 0
422 1.44047e-13 2.44049e-05 0.0331707 0
423 2.54328e-13 2.55738e-05 0.0262582 0
424 1.13391e-13 2.47542e-05 0.0475423 0
425 1.49469e-13 2.46304e-05 0.0252038 0
426 1.86219e-13 2.47028e-05 0.0198257 0
427 2.09375e-13 2.53108e-05 0.0303888 0
428 2.08281e-13 2.51056e-05 0.0218524 0
429 1.8325e-13 2.41694e-05 0.0288368 0
430 6.64531e-14 2.46332e-05 0.0354502 0
431 1.84266e-13 2.47448e-05 0.0308723 0
432 1.46906e-13 2.44662e-05 0.0375703 0
433 2.44016e-13 2.45385e-05 0.028998 0
434 1.94859e-13 2.40361e-05 0.0289238 0
435 2.67578e-13 2.53663e-05 0.0307075 0
436 1.14219e-13 2.5401e-05 0.0315918 0
437 1.53656e-13 2.45893e-05 0.0302252 0
438 1.45297e-13 2.39361e-05 0.0238048 0
439 1.48078e-13 2.45751e-05 0.0285818 0
440 8.5125e-14 2.46601e-05 0.0304448 0
441 1.80141e-13 2.41901e-05 0.0249025 0
442 7.85313e-14 2.40863e-05 0.037043 0
443 2.18234e-13 2.41981e-05 0.0325006 0
444 1.62234e-13 2.4146e-05 0.0236703 0
445 2.71438e-13 2.46359e-05 0.0250215 0
446 4.01797e-13 2.40861e-05 0.0333904 0
447 1.83219e-13 2.38135e-05 0.0214597 0
448 1.86828e-13 2.48862e-05 0.0264978 0
449 2.18047e-13 2.39195e-05 0.0285848 0
450 1.35531e-13 2.46701e-05 0.0293538 0
451 1.92047e-13 2.36212e-05 0.0268468 0
452 1.56844e-13 2.41187e-05 0.0283276 0
453 2.37328e-13 2.40851e-05 0.0273368 0
454 1.39125e-13 2.35315e-05 0.0265315 0
455 1.42313e-13 2.38212e-05 0.0300882 0
456 2.00203e-13 2.3975e-05 0.0298758 0
457 1.29313e-13 2.37297e-05 0.0286424 0
458 2.46766e-13 2.36589e-05 0.0235873 0
459 1.69906e-13 2.40905e-05 0.0314957 0
460 1.70063e-13 2.37056e-05 0.0306265 0
461 1.27547e-13 2.3432e-05 0.0295525 0
462 9.02344e-14 2.32845e-05 0.0187084 0
463 7.96563e-14 2.30307e-05 0.0289808 0
464 4.61719e-14 2.32387e-05 0.0271729 0
465 1.71406e-13 2.36626e-05 0.0260304 0
466 1.54563e-13 2.37711e-05 0.0344152 0
467 8.16406e-14 2.36734e-05 0.0384634 0
468 1.59031e-13 2.34753e-05 0.0353075 0
469 1.87281e-13 2.33845e-05 0.0231032 0
470 1.99625e-13 2.31426e-05 0.0298712 0
471 1.14641e-13 2.36869e-05 0.028884 0
472 1.70016e-13 2.35327e-05 0.0322133 0
473 2.06453e-13 2.34116e-05 0.03203 0
474 1.45609e-13 2.32084e-05 0.0311889 0
475 3.12859e-13 2.30119e-05 0.0189809 0
476 1.60156e-13 2.36844e-05 0.0301476 0
477 2.78656e-13 2.32224e-05 0.0194631 0
478 2.65125e-13 2.48822e-05 0.0208836 0
479 1.01188e-13 2.25716e-05 0.0308699 0
480 1.07266e-13 2.32552e-05 0.0344006 0
481 2.25109e-13 2.26578e-05 0.0302725 0
482 1.19891e-13 2.28932e-05 0.0256826 0
483 1.73031e-13 2.2489e-05 0.0288378 0
484 2.03422e-13 2.33332e-05 0.0278966 0
485 2.04109e-13 2.23463e-05 0.0293062 0
486 1.14062e-13 2.33422e-05 0.0345101 0
487 1.75734e-13 2.35789e-05 0.0225073 0
488 2.61813e-13 2.26801e-05 0.0151352 0
489 1.07469e-13 2.19638e-05 0.0326325 0
490 1.92313e-13 2.243e-05 0.0262871 0
491 2.1775e-13 2.26429e-05 0.026765 0
492 1.17922e-13 2.23089e-05 0.0248706 0
493 1.22344e-13 2.25267e-05 0.0192876 0
494 2.28453e-13 2.19152e-05 0.0232411 0
495 9.12031e-14 2.25315e-05 0.0341842 0
496 1.11125e-13 2.19244e-05 0.0431073 0
497 8.07969e-14 2.25159e-05 0.0276802 0
498 1.40703e-13 2.23163e-05 0.033234 0
499 2.99531e-14 2.23327e-05 0.0406026 0
500 7.22031e-14 2.15645e-05 0.0289463 0
501 8.52188e-14 2.15843e-05 0.029809 0
502 6.10469e-14 2.13066e-05 0.0298137 0
503 1.12344e-13 2.13827e-05 0.0274218 0
504 1.73297e-13 2.11075e-05 0.0317503 0
505 1.03016e-13 2.20244e-05 0.0328227 0
506 1.44891e-13 2.114e-05 0.0261925 0
507 1.19172e-13 2.13194e-05 0.0294005 0
508 1.00406e-13 2.12295e-05 0.0242771 0
509 8.27031e-14 2.19517e-05 0.0212199 0
510 5.58438e-14 2.15849e-05 0.0243261 0
511 2.32e-13 2.11645e-05 0.0205887 0
512 2.21281e-13 2.06631e-05 0.0367957 0
513 1.02125e-13 2.09288e-05 0.0214689 0
514 1.55313e-13 2.12005e-05 0.0243472 0
515 1.28688e-13 2.11865e-05 0.0304548 0
516 9.34219e-14 2.1866e-05 0.029138 0
517 1.65422e-13 2.13676e-05 0.019106 0
518 9.99844e-14 2.13441e-05 0.0301111 0
519 6.95e-14 2.04929e-05 0.0322569 0
520 6.50469e-14 2.13972e-05 0.0267113 0
521 9.11875e-14 2.1303e-05 0.0299435 0
522 2.48984e-13 2.14249e-05 0.0241569 0
523 1.11781e-13 2.11718e-05 0.0299818 0
524 7.73906e-14 2.12377e-05 0.0372202 0
525 1.46047e-13 2.10604e-05 0.0234947 0
526 1.24375e-13 2.05167e-05 0.0221617 0
527 1.22125e-13 2.05316e-05 0.0289556 0
528 1.47172e-13 2.09724e-05 0.0322134 0
529 7.56563e-14 2.10693e-05 0.0293395 0
530 1.4875e-13 2.18591e-05 0.0280102 0
531 1.71375e-13 2.11773e-05 0.0274044 0
532 1.15594e-13 2.13256e-05 0.0333527 0
533 7.1875e-14 2.02552e-05 0.0317593 0
534 1.43766e-13 2.02192e-05 0.0279134 0
535 1.97391e-13 2.11743e-05 0.0207208 0
536 8.57656e-14 2.08248e-05 0.0239983 0
537 6.325e-14 2.02944e-05 0.0279983 0
538 8.5125e-14 2.04326e-05 0.0349505 0
539 1.32938e-13 2.01873e-05 0.0276692 0
540 1.0575e-13 2.03134e-05 0.0293242 0
541 1.48953e-13 2.06953e-05 0.0299755 0
542 8.33594e-14 2.02584e-05 0.0249189 0
543 1.11391e-13 2.08602e-05 0.0294529 0
544 9.36094e-14 2.05881e-05 0.0354695 0
545 9.29844e-14 2.03509e-05 0.0177149 0
546 1.38031e-13 1.9852e-05 0.0305889 0
547 8.49688e-14 2.02578e-05 0.0279421 0
548 1.48e-13 1.95789e-05 0.0218447 0
549 9.77656e-14 1.99371e-05 0.0250022 0
550 2.04266e-13 1.98056e-05 0.0193933 0
551 1.14453e-13 1.97652e-05 0.0284934 0
552 6.64531e-14 2.01872e-05 0.0276428 0
553 5.975e-14 1.94206e-05 0.0300266 0
554 6.94844e-14 1.98043e-05 0.0364341 0
555 1.15844e-13 1.92278e-05 0.0366541 0
556 1.36063e-13 1.94233e-05 0.021256 0
557 1.22844e-13 2.01911e-05 0.0292138 0
558 5.55938e-14 1.95979e-05 0.0335528 0
559 1.23344e-13 1.92901e-05 0.0231069 0
560 9.56875e-14 1.9564e-05 0.0273193 0
561 1.42281e-13 2.00394e-05 0.0263861 0
562 7.30625e-14 2.01899e-05 0.0294959 0
563 1.91672e-13 2.0202e-05 0.0225581 0
564 4.77813e-14 1.965e-05 0.0265014 0
565 1.58594e-13 2.04481e-05 0.0262322 0
566 1.04703e-13 1.92054e-05 0.0318643 0
567 4.16094e-14 1.91575e-05 0.0286804 0
568 8.43594e-14 1.93117e-05 0.0269446 0
569 9.61719e-14 1.91117e-05 0.0366807 0
570 8.75313e-14 1.90652e-05 0.0333236 0
571 7.76563e-14 1.88934e-05 0.0265345 0
572 1.085e-13 1.92517e-05 0.0303056 0
573 6.28281e-14 1.90105e-05 0.0329155 0
574 6.16719e-14 1.88634e-05 0.0278944 0
575 3.05e-14 1.9397e-05 0.0333655 0
576 9.86406e-14 1.95974e-05 0.0311331 0
577 6.92031e-14 1.91467e-05 0.0282387 0
578 7.57813e-14 1.86501e-05 0.0301747 0
579 1.46656e-13 1.86016e-05 0.0273644 0
580 1.86406e-13 1.90813e-05 0.0211598 0
581 9.97031e-14 1.82514e-05 0.0305289 0
582 7.06563e-14 1.95157e-05 0.0263945 0
583 8.97031e-14 1.88099e-05 0.0253587 0
584 8.28438e-14 1.84347e-05 0.0292087 0
585 7.03438e-14 1.80885e-05 0.0271983 0
586 7.57813e-14 1.84972e-05 0.0357356 0
587 2.38281e-14 1.82325e-05 0.020917 0
588 8.23125e-14 1.87962e-05 0.0329409 0
589 6.33594e-14 1.93399e-05 0.0348444 0
590 7.27813e-14 1.83829e-05 0.0362473 0
591 4.53438e-14 1.86982e-05 0.0393786 0
592 3.54453e-13 1.86807e-05 0.0151018 0
593 2.48594e-14 1.83019e-05 0.0294629 0
594 4.93594e-14 1.83779e-05 0.0301979 0
595 7.29375e-14 1.97851e-05 0.0406482 0
596 6.94688e-14 1.83971e-05 0.0259507 0
597 9.42656e-14 1.80543e-05 0.0278282 0
598 8.81875e-14 1.76947e-05 0.0270715 0
599 7.25625e-14 1.75767e-05 0.028874 0
600 1.23906e-13 1.84672e-05 0.0299953 0
601 9.79688e-14 1.81551e-05 0.0224687 0
602 4.45469e-14 1.8387e-05 0.0409528 0
603 6.04844e-14 1.78446e-05 0.0295033 0
604 5.84063e-14 1.72242e-05 0.0288049 0
605 9.31563e-14 1.81316e-05 0.0239571 0
606 7.83906e-14 1.78603e-05 0.0311598 0
607 2.99688e-14 1.71593e-05 0.0284068 0
608 1.22688e-13 1.6942e-05 0.0260879 0
609 8.6125e-14 1.75299e-05 0.0324921 0
610 6.37656e-14 1.71873e-05 0.0345633 0
611 5.27188e-14 1.77925e-05 0.0275271 0
612 6.58906e-14 1.73576e-05 0.0271835 0
613 6.15e-14 1.76878e-05 0.0321518 0
614 6.77969e-14 1.79132e-05 0.0262367 0
615 6.42188e-14 1.70496e-05 0.0281261 0
616 3.38438e-14 1.75236e-05 0.0358206 0
617 3.52031e-14 1.80133e-05 0.0313333 0
618 7.80938e-14 1.78029e-05 0.0286518 0
619 6.13281e-14 1.77156e-05 0.0262936 0
620 5.24375e-14 1.75266e-05 0.0289917 0
621 9.00781e-14 1.78107e-05 0.0310128 0
622 8.89688e-14 1.6622e-05 0.0313835 0
623 9.00469e-14 1.69978e-05 0.0264893 0
624 6.28438e-14 1.6971e-05 0.0331428 0
625 4.77344e-14 1.72328e-05 0.0296141 0
626 7.18125e-14 1.84442e-05 0.0304313 0
627 6.4625e-14 1.7483e-05 0.024247 0
628 7.08125e-14 1.67006e-05 0.0243991 0
629 6.33438e-14 1.79212e-05 0.0277703 0
630 6.23438e-14 1.74133e-05 0.029083 0
631 5.62656e-14 1.67862e-05 0.0233134 0
632 2.41406e-14 1.70141e-05 0.0366365 0
633 2.42188e-14 1.67899e-05 0.030415 0
634 4.69063e-14 1.62083e-05 0.0310626 0
635 6.07969e-14 1.61952e-05 0.0291615 0
636 6.17813e-14 1.67965e-05 0.0284317 0
637 5.27344e-14 1.64824e-05 0.0286301 0
638 5.02344e-14 1.57587e-05 0.0364731 0
639 7.75625e-14 1.57769e-05 0.0283792 0
640 8.43281e-14 1.59795e-05 0.0288927 0
641 1.02906e-13 1.60294e-05 0.03319 0
642 6.10313e-14 1.64194e-05 0.0400101 0
643 1.11672e-13 1.67106e-05 0.0280393 0
644 6.04688e-14 1.6565e-05 0.0304705 0
645 6.12969e-14 1.65485e-05 0.0339899 0
646 5.07344e-14 1.66182e-05 0.0308957 0
647 5.55625e-14 1.6177e-05 0.0355243 0
648 7.08125e-14 1.79375e-05 0.0424858 0
649 6.77344e-14 1.63692e-05 0.0298787 0
650 6.60469e-14 1.6551e-05 0.0348955 0
651 5.4875e-14 1.5667e-05 0.0290742 0
652 6.28906e-14 1.53494e-05 0.0226085 0
653 2.14063e-14 1.56441e-05 0.0235526 0
654 8.01406e-14 1.61021e-05 0.021587 0
655 6.57188e-14 1.5322e-05 0.0247388 0
656 5.45781e-14 1.59527e-05 0.0277901 0
657 9.42656e-14 1.54556e-05 0.0246945 0
658 2.68594e-14 1.61053e-05 0.0314689 0
659 4.37656e-14 1.84117e-05 0.0295395 0
660 6.38281e-14 1.53829e-05 0.0304618 0
661 8.86875e-14 1.75485e-05 0.0226742 0
662 1.61875e-13 1.61729e-05 0.0309789 0
663 5.64219e-14 1.59205e-05 0.0303136 0
664 6.3125e-14 1.53001e-05 0.035811 0
665 1.00547e-13 1.82114e-05 0.0233888 0
666 4.37031e-14 1.57396e-05 0.0366044 0
667 6.46719e-14 1.46037e-05 0.0268675 0
668 3.18437e-14 1.47411e-05 0.0297039 0
669 5.14375e-14 1.55361e-05 0.0263449 0
670 3.94219e-14 1.51612e-05 0.0286645 0
671 4.54063e-14 1.53584e-05 0.0323787 0
672 6.20469e-14 1.46357e-05 0.0190678 0
673 3.42188e-14 1.45456e-05 0.0304369 0
674 2.925e-14 1.5056e-05 0.0346796 0
675 6.3125e-15 1.39177e-05 0.054606 0
676 3.74375e-14 1.41691e-05 0.0378384 0
677 5.00156e-14 1.45303e-05 0.0415065 0
678 4.83594e-14 1.47746e-05 0.0225164 0
679 5.97969e-14 1.40823e-05 0.033586 0
680 1.71875e-14 1.43683e-05 0.0252641 0
681 6.91562e-14 1.45486e-05 0.0214787 0
682 3.55156e-14 1.34526e-05 0.0346427 0
683 5.67031e-14 1.40897e-05 0.0214087 0
684 7.5e-14 1.41158e-05 0.0212994 0
685 3.44063e-14 1.47732e-05 0.0338895 0
686 5.74062e-14 1.33636e-05 0.0305639 0
687 2.74531e-14 1.41677e-05 0.0315905 0
688 3.92188e-14 1.37948e-05 0.0268088 0
689 7.925e-14 1.44125e-05 0.0269646 0
690 3.35e-14 1.40359e-05 0.0260615 0
691 6.00156e-14 1.38909e-05 0.0172471 0
692 3.70313e-14 1.36891e-05 0.0341167 0
693 5.79688e-14 1.39284e-05 0.0255974 0
694 4.81875e-14 1.44673e-05 0.0364301 0
695 2.79844e-14 1.38926e-05 0.0316596 0
696 3.50625e-14 1.38232e-05 0.0252436 0
697 4.59375e-14 1.34058e-05 0.0281321 0
698 3.64688e-14 1.34556e-05 0.0267291 0
699 5.02188e-14 1.309e-05 0.0293912 0
700 5.10469e-14 1.31801e-05 0.026382 0
701 4.95313e-14 1.39183e-05 0.023795 0
702 2.31875e-14 1.27872e-05 0.0200664 0
703 1.93906e-14 1.29976e-05 0.0179225 0
704 4.01094e-14 1.28518e-05 0.0229479 0
705 2.63906e-14 1.33608e-05 0.0304826 0
706 4.35781e-14 1.23378e-05 0.0298907 0
707 1.62188e-14 1.23124e-05 0.0246906 0
708 3.85781e-14 1.24272e-05 0.0366123 0
709 3.47031e-14 1.24074e-05 0.0314352 0
710 2.09844e-14 1.252e-05 0.0284693 0
711 1.53906e-14 1.23821e-05 0.0324938 0
712 2.83438e-14 1.25385e-05 0.0264438 0
713 2.05938e-14 1.15641e-05 0.0358649 0
714 3.04844e-14 1.17738e-05 0.0223768 0
715 2.47031e-14 1.16227e-05 0.0238911 0
716 3.9625e-14 1.16081e-05 0.05 0
717 1.60156e-14 1.2072e-05 0.0322422 0
718 2.25938e-14 1.16089e-05 0.0388526 0
719 3.70156e-14 1.12489e-05 0.0259437 0
720 2.14063e-14 1.13029e-05 0.0399836 0
721 3.63125e-14 1.12626e-05 0.0265403 0
722 2.75625e-14 1.18679e-05 0.0266069 0
723 1.6625e-14 1.10483e-05 0.0310162 0
724 4.07344e-14 1.09177e-05 0.0265652 0
725 2.87969e-14 1.13956e-05 0.0317935 0
726 2.13594e-14 1.10516e-05 0.0298112 0
727 1.86406e-14 1.15642e-05 0.0501879 0
728 2.14063e-14 1.08992e-05 0.0411691 0
729 2.04219e-14 1.15838e-05 0.0280007 0
730 4.63594e-14 1.09308e-05 0.0270656 0
731 1.20781e-14 1.05577e-05 0.0310893 0
732 1.2e-14 1.04833e-05 0.0244309 0
733 2.85e-14 1.09744e-05 0.0219161 0
734 3.16719e-14 1.09808e-05 0.0265563 0
735 2.63125e-14 1.04907e-05 0.034861 0
736 1.74219e-14 9.29518e-06 0.0250573 0
737 1.50938e-14 9.8384e-06 0.0294749 0
738 2.38906e-14 1.03014e-05 0.0354388 0
739 1.80313e-14 9.44278e-06 0.0325688 0
740 2.43438e-14 1.01919e-05 0.0257231 0
741 1.39531e-14 9.45273e-06 0.0439127 0
742 6.6875e-15 9.98249e-06 0.0166205 0
743 1.46406e-14 1.00523e-05 0.0368899 0
744 1.39531e-14 9.49454e-06 0.0158939 0
745 1.63125e-14 9.72095e-06 0.0408169 0
746 1.09531e-14 8.29822e-06 0.0335542 0
747 7.53125e-15 8.94813e-06 0.0415353 0
748 1.41563e-14 8.07504e-06 0.0300073 0
749 8.07813e-15 8.75075e-06 0.0235289 0
750 1.08438e-14 9.16472e-06 0.0394554 0
751 7.29688e-15 8.8061e-06 0.0656893 0
752 1.36094e-14 8.91306e-06 0.027873 0
753 2.00469e-14 9.37826e-06 0.0424313 0
754 1.7625e-14 9.08217e-06 0.0293406 0
755 6.03125e-15 8.23513e-06 0.0561468 0
756 1.63281e-14 8.20457e-06 0.0250145 0
757 4.85938e-15 8.30644e-06 0.0410653 0
758 1.60625e-14 8.92408e-06 0.0326963 0
759 2.85938e-15 8.56553e-06 0.0224652 0
760 1.28438e-14 8.67072e-06 0.0431479 0
761 1.08594e-14 7.43186e-06 0.0349854 0
762 8.98438e-15 8.03688e-06 0.0467095 0
763 1.15781e-14 8.21649e-06 0.0273791 0
764 6.5e-15 7.35858e-06 0.0186093 0
765 6.6875e-15 8.22251e-06 0.0225493 0
766 4.1875e-15 7.7678e-06 0.048177 0
767 2.20313e-14 7.61651e-06 0.034374 0
768 2.57813e-15 7.96842e-06 0.0414507 0
769 1.08906e-14 7.84829e-06 0.0321915 0
770 6.54688e-15 7.90657e-06 0.0289695 0
771 5.76563e-15 7.65784e-06 0.0394336 0
772 4.15625e-15 7.69715e-06 0.0488738 0
773 8.96875e-15 7.72405e-06 0.0355102 0
774 5.5e-15 7.62097e-06 0.0521732 0
775 4.96875e-15 6.94772e-06 0.0278154 0
776 4.67188e-15 7.37946e-06 0.0451553 0
777 3.2625e-14 8.06543e-06 0.0152153 0
778 7.51563e-15 7.85829e-06 0.0285316 0
779 4.125e-15 6.58233e-06 0.0264949 0
780 4.5e-15 7.39322e-06 0.030376 0
781 3.53125e-15 7.39103e-06 0.0327487 0
782 6.45313e-15 7.8306e-06 0.0206988 0
783 1.89063e-15 7.79579e-06 0.0469035 0
784 1.35938e-15 6.22584e-06 0.0275545 0
785 4.25e-15 6.11065e-06 0.0436038 0
786 8.57813e-15 6.33715e-06 0.0220971 0
787 5.1875e-15 6.97395e-06 0.0238534 0
788 4.34375e-15 6.0467e-06 0.0394599 0
789 1.17656e-14 6.54973e-06 0.0179454 0
790 6.46875e-15 6.94737e-06 0.0264149 0
791 4.6875e-15 6.99386e-06 0.0264151 0
792 1.30156e-14 7.42936e-06 0.0271623 0
793 5.6875e-15 7.42942e-06 0.0419558 0
794 5.09375e-15 7.45627e-06 0.0373313 0
795 3.26563e-15 6.40273e-06 0.046802 0
796 1.09531e-14 7.48694e-06 0.0452958 0
797 3.78125e-15 6.98034e-06 0.0488649 0
798 2.29688e-15 6.19179e-06 0.0465 0
799 1.42188e-15 6.48764e-06 0.0527724 0
800 3.17188e-15 6.43134e-06 0.0674406 0
801 1.6875e-15 6.45404e-06 0.078758 0
802 1.29844e-14 6.31817e-06 0.0798807 0
803 2.45313e-15 6.14267e-06 0.0447887 0
804 6.09375e-15 6.20167e-06 0.0324332 0
805 1.76563e-15 6.19731e-06 0.0713803 0
806 3.21875e-15 6.19731e-06 0.040539 0
807 3.90625e-15 6.12675e-06 0.078758 0
808 2.125e-14 7.79992e-06 0.0328512 0
809 5.48438e-15 6.53942e-06 0.0403464 0
810 1.1875e-15 5.47522e-06 0.0875136 0
811 5.3125e-16 4.83622e-06 0.029929 0
812 1.17188e-15 5.43426e-06 0.0432978 0
813 4.29688e-15 5.73614e-06 0.0277198 0
814 2.21875e-15 5.10384e-06 0.0319735 0
815 3.79688e-15 6.22824e-06 0.0298265 0
816 1.29687e-15 6.07169e-06 0.0582965 0
817 2.15625e-15 5.52788e-06 0.032149 0
818 4.21875e-16 5.4792e-06 0.0348465 0
819 2.96875e-15 5.77753e-06 0.0411199 0
820 4.375e-16 5.60077e-06 0.0396943 0
821 2.78125e-15 5.73304e-06 0.0488499 0
822 1.3125e-15 5.52768e-06 0.0373808 0
823 2.17188e-15 5.9371e-06 0.0350124 0
824 1.32813e-15 5.57606e-06 0.0501854 0
825 6.23438e-15 5.73289e-06 0.036175 0
826 5.125e-15 5.2591e-06 0.0311571 0
827 7.8125e-16 5.53251e-06 0.0338166 0
828 1.26563e-15 5.46762e-06 0.0309787 0
829 7.95313e-15 5.4695e-06 0.0172168 0
830 1.4375e-15 5.60026e-06 0.0320304 0
831 1.54688e-15 5.7692e-06 0.0376008 0
